1  00001100 00000010 10000000 00111100 01000111 00010010   00000010 00000011 00000100 00000011 00000111 00001111 00011111
2  00001100 00000101 10000000 00111100 01000111 00010010   10000000 00000001
3  00001100 00000001 10000000 00111100 01000111 00010010   10000000 00000010
4  00001100 00000011 10000000 00111100 01000111 00010010   10000000 00000100
5  00001100 00000100 10000000 00111100 01000111 00010010   10000000 00001000

1  00001100 10000010 10000000 00111100 01000111 00010010   00000010 00000011 00000100 00000011 00000111 00001111 00011111
2  00001100 10000101 10000000 00111100 01000111 00010010   10000000 00000001
3  00001100 10000001 10000000 00111100 01000111 00010010   10000000 00000010
4  00001100 10000011 10000000 00111100 01000111 00010010   10000000 00000100
5  00001100 10000100 10000000 00111100 01000111 00010010   10000000 00001000


6  00001100 00000010 10000000 00111100 01000111 00010010   00000101 00000110 00000111 00001000 00010000 00100000 01000000 
7  00001100 00000101 10000000 00111100 01000111 00010010   00000000 00010000
8  00001100 00000001 10000000 00111100 01000111 00010010   00000000 00100000
9  00001100 00000011 10000000 00111100 01000111 00010010   00000000 00000110
0  00001100 00000100 10000000 00111100 01000111 00010010   00000000 00001000

6  00001100 10000010 10000000 00111100 01000111 00010010   00000101 00000110 00000111 00001000 00010000 00100000 01000000
7  00001100 10000101 10000000 00111100 01000111 00010010   00000000 00010000
8  00001100 10000001 10000000 00111100 01000111 00010010   00000000 00100000
9  00001100 10000011 10000000 00111100 01000111 00010010   00000000 00010010
0  00001100 10000100 10000000 00111100 01000111 00010010   00000000 00001000




1  00001100 00000010 10000000 00111100 01000111 00010010   00000010 00000011 00011100 10000011 00100111 00101111 10011111
2  00001100 00000101 10000000 00111100 01000111 00010010   10000000 01000001
3  00001100 00000001 10000000 00111100 01000111 00010010   10000000 01100010
4  00001100 00000011 10000000 00111100 01000111 00010010   10000000 00100100
5  00001100 00000100 10000000 00111100 01000111 00010010   10000000 01001000

1  00001100 10000010 10000000 00111100 01000111 00010010   00000010 00000011 01001100 00001011 00001111 01001101 00011100
2  00001100 10000101 10000000 00111100 01000111 00010010   10000000 00011001
3  00001100 10000001 10000000 00111100 01000111 00010010   10000000 01000110
4  00001100 10000011 10000000 00111100 01000111 00010010   10000000 00110100
5  00001100 10000100 10000000 00111100 01000111 00010010   10000000 01001000


6  00001100 00000010 10000000 00111100 01000111 00010010   00000101 00000110 01000111 00001000 00011000 00101000 01000110 
7  00001100 00000101 10000000 00111100 01000111 00010010   00000000 00000000
8  00001100 00000001 10000000 00111100 01000111 00010010   00000000 00000000
9  00001100 00000011 10000000 00111100 01000111 00010010   00000000 00000000
0  00001100 00000100 10000000 00111100 01000111 00010010   00000000 00000000

6  00001100 10000010 10000000 00111100 01000111 00010010   00000101 00000110 00000101 00001010 00011100 00110000 01000111
7  00001100 10000101 10000000 00111100 01000111 00010010   00000000 00000000
8  00001100 10000001 10000000 00111100 01000111 00010010   00000000 00000000
9  00001100 10000011 10000000 00111100 01000111 00010010   00000000 00000000
0  00001100 10000100 10000000 00111100 01000111 00010010   00000000 00000000
